ShingleNone_TreeN1000_TreeS10000StreamingTrue
0.2, 0, -1: 0.4637096774193548, 0.35736482287134874, 0.6601607347876005, 0.30997304582210244, 0.92
0.3, 0, -1: 0.5636856368563685, 0.47229791099000906, 0.6989247311827956, 0.4262295081967213, 0.832
0.4, 0, -1: 0.5478547854785478, 0.49581839904420544, 0.612094395280236, 0.46629213483146065, 0.664
0.5, 0, -1: 0.4725738396624473, 0.4886561954624783, 0.4575163398692811, 0.5, 0.448
0.6, 0, -1: 0.2994652406417112, 0.37533512064343166, 0.24911032028469754, 0.45161290322580644, 0.224
0.7, 0, -1: 0.17218543046357615, 0.2838427947598254, 0.12357414448669202, 0.5, 0.104
0.8, 0, -1: 0.13043478260869565, 0.2542372881355932, 0.08771929824561403, 0.6923076923076923, 0.072
0.9, 0, -1: 0.04615384615384615, 0.10344827586206896, 0.0297029702970297, 0.6, 0.024
0.6989247311827956

ShingleNone_TreeN1000_TreeS10000StreamingTrueAlt
0.2, 0, -1: 0.46990291262135925, 0.3590504451038576, 0.6797752808988764, 0.31025641025641026, 0.968
0.3, 0, -1: 0.5566502463054187, 0.4523618895116094, 0.7234314980793854, 0.40213523131672596, 0.904
0.4, 0, -1: 0.5756676557863503, 0.49845837615621785, 0.6811797752808989, 0.45754716981132076, 0.776
0.5, 0, -1: 0.5358490566037735, 0.5182481751824818, 0.5546875, 0.5071428571428571, 0.568
0.6, 0, -1: 0.4694835680751174, 0.5241090146750524, 0.4251700680272109, 0.5681818181818182, 0.4
0.7, 0, -1: 0.3151515151515151, 0.456140350877193, 0.24074074074074073, 0.65, 0.208
0.8, 0, -1: 0.11510791366906473, 0.22099447513812157, 0.07782101167315175, 0.5714285714285714, 0.064
0.9, 0, -1: 0.046875, 0.1094890510948905, 0.02982107355864811, 1.0, 0.024
0.7234314980793854

ShingleNone_TreeN1000_TreeS10000StreamingTrueAlt
0.2, 0, -1: 0.4824561403508772, 0.37957211870255353, 0.6618531889290014, 0.3323262839879154, 0.88
0.3, 0, -1: 0.5227963525835866, 0.4569606801275239, 0.6107954545454545, 0.4215686274509804, 0.688
0.4, 0, -1: 0.44715447154471544, 0.45155993431855507, 0.44283413848631237, 0.45454545454545453, 0.44
0.5, 0, -1: 0.30601092896174864, 0.3921568627450981, 0.2508960573476703, 0.4827586206896552, 0.224
0.6, 0, -1: 0.163265306122449, 0.2816901408450704, 0.11494252873563217, 0.5454545454545454, 0.096
0.7, 0, -1: 0.11940298507462685, 0.2484472049689441, 0.07858546168958742, 0.8888888888888888, 0.064
0.8, 0, -1: 0.046875, 0.1094890510948905, 0.02982107355864811, 1.0, 0.024
0.9, 0, -1: 0.031496062992125984, 0.07518796992481203, 0.0199203187250996, 1.0, 0.016
0.6618531889290014

0.2, 0, -1: 0.505813953488372, 0.43456543456543456, 0.6050069541029207, 0.3972602739726027, 0.696
0.3, 0, -1: 0.4724409448818898, 0.46801872074883, 0.47694753577106513, 0.46511627906976744, 0.48
0.4, 0, -1: 0.3608247422680413, 0.4364089775561098, 0.30755711775043937, 0.5072463768115942, 0.28
0.5, 0, -1: 0.24203821656050953, 0.375494071146245, 0.17857142857142855, 0.59375, 0.152
0.6, 0, -1: 0.1506849315068493, 0.2631578947368421, 0.1055662188099808, 0.5238095238095238, 0.088
0.7, 0, -1: 0.07407407407407407, 0.15151515151515152, 0.049019607843137254, 0.5, 0.04
0.8, 0, -1: 0.061538461538461535, 0.13793103448275862, 0.039603960396039604, 0.8, 0.032
0.9, 0, -1: 0.061538461538461535, 0.13793103448275862, 0.039603960396039604, 0.8, 0.032
0.6050069541029207
