,station,start_date,end_date,tree_size,nmbr_trees,shingle_size,cod_threshold,mcc,calc_nmbr,phase,r_time
0,NW000000000000000000000NBSNST0888,2017-05-01 00:00:00,,5000,100,1,590,0,10747262,1,10.432712308565776
1,NW000000000000000000000NBSNST0888,2017-05-01 00:00:00,,5000,100,1,590,0,87057268,1,10.431804577509562
2,NW000000000000000000000NBSNST0888,2017-05-01 00:00:00,,5000,100,1,590,0,2263022,1,11.184637594223023
3,NW000000000000000000000NBSNST0888,2017-05-01 00:00:00,,5000,150,1,590,0,37711025,1,15.512506500879924
4,NW000000000000000000000NBSNST0888,2017-05-01 00:00:00,,5000,150,1,590,0,17090988,1,15.928641641139984
5,NW000000000000000000000NBSNST0888,2017-05-01 00:00:00,,5000,150,1,590,0,75336714,1,17.0104998310407
6,NW000000000000000000000NBSNST0888,2017-05-01 00:00:00,,5000,100,3,590,0,32855868,1,24.95662349065145
7,NW000000000000000000000NBSNST0888,2017-05-01 00:00:00,,5000,100,3,590,0,91239263,1,25.46122535864512
8,NW000000000000000000000NBSNST0888,2017-05-01 00:00:00,,5000,100,3,590,0,730874,1,25.52905301253001
9,NW000000000000000000000NBSNST0888,2017-05-01 00:00:00,,5000,100,5,590,0,15166621,1,25.759229719638824
10,NW000000000000000000000NBSNST0888,2017-05-01 00:00:00,,5000,100,5,590,0,93441586,1,26.205052423477174
11,NW000000000000000000000NBSNST0888,2017-05-01 00:00:00,,5000,100,5,590,0,56646645,1,27.305668199062346
12,NW000000000000000000000NBSNST0888,2017-05-01 00:00:00,,5000,200,1,590,0,47806034,1,21.490676232179005
13,NW000000000000000000000NBSNST0888,2017-05-01 00:00:00,,5000,150,3,590,0,71487208,1,35.9001370827357
14,NW000000000000000000000NBSNST0888,2017-05-01 00:00:00,,5000,150,3,590,0,59080471,1,36.78761464357376
15,NW000000000000000000000NBSNST0888,2017-05-01 00:00:00,,5000,200,1,590,0,87059571,1,22.22651946147283
16,NW000000000000000000000NBSNST0888,2017-05-01 00:00:00,,5000,150,3,590,0,56505081,1,38.09613570769628
17,NW000000000000000000000NBSNST0888,2017-05-01 00:00:00,,5000,200,1,590,0,26071767,1,22.72660264571508
18,NW000000000000000000000NBSNST0888,2017-05-01 00:00:00,,5000,150,5,590,0,90819722,1,39.2692466378212
19,NW000000000000000000000NBSNST0888,2017-05-01 00:00:00,,5000,150,5,590,0,95161048,1,37.82688559691111
20,NW000000000000000000000NBSNST0888,2017-05-01 00:00:00,,5000,150,5,590,0,72615663,1,38.812052408854164
21,NW000000000000000000000NBSNST0888,2017-05-01 00:00:00,,10000,100,1,50,0.48699873978018865,87422989,1,31.762161099910735
22,NW000000000000000000000NBSNST0888,2017-05-01 00:00:00,,10000,100,1,50,0.507258292857475,93465555,1,33.27961681683858
23,NW000000000000000000000NBSNST0888,2017-05-01 00:00:00,,10000,100,1,50,0.47743680334139915,35751394,1,32.87674672206243
24,NW000000000000000000000NBSNST0888,2017-05-01 00:00:00,,5000,200,3,590,0,1610718,1,53.40622560183207
25,NW000000000000000000000NBSNST0888,2017-05-01 00:00:00,,5000,200,3,590,0,78449522,1,52.81799248854319
26,NW000000000000000000000NBSNST0888,2017-05-01 00:00:00,,5000,200,5,590,0,79450340,1,52.9961702187856
27,NW000000000000000000000NBSNST0888,2017-05-01 00:00:00,,5000,200,3,590,0,83071018,1,53.9757949034373
28,NW000000000000000000000NBSNST0888,2017-05-01 00:00:00,,5000,200,5,590,0,93649215,1,52.741221980253854
29,NW000000000000000000000NBSNST0888,2017-05-01 00:00:00,,5000,200,5,590,0,77319306,1,54.41672503948212
30,NW000000000000000000000NBSNST0888,2017-05-01 00:00:00,,10000,150,1,50,0.4631599865751589,9383543,1,49.288643352190654
31,NW000000000000000000000NBSNST0888,2017-05-01 00:00:00,,10000,150,1,50,0.48382575183737264,28922941,1,48.14751221338908
32,NW000000000000000000000NBSNST0888,2017-05-01 00:00:00,,10000,150,1,50,0.49221416280363395,86259509,1,48.681436745325726
33,NW000000000000000000000NBSNST0888,2017-05-01 00:00:00,,10000,100,3,60,0.4422719718323186,50682948,1,79.89769630432129
34,NW000000000000000000000NBSNST0888,2017-05-01 00:00:00,,10000,100,3,50,0.4495675616130031,96661084,1,81.1289945880572
35,NW000000000000000000000NBSNST0888,2017-05-01 00:00:00,,10000,100,3,50,0.4331839094467785,11373607,1,80.68884340127309
36,NW000000000000000000000NBSNST0888,2017-05-01 00:00:00,,10000,100,5,90,0.4360352427883118,8794621,1,83.23751205205917
37,NW000000000000000000000NBSNST0888,2017-05-01 00:00:00,,10000,100,5,50,0.40974429248152705,84487794,1,84.91067551771799
38,NW000000000000000000000NBSNST0888,2017-05-01 00:00:00,,10000,100,5,100,0.42157072315662164,72202230,1,85.81409068902333
39,NW000000000000000000000NBSNST0888,2017-05-01 00:00:00,,10000,200,1,50,0.4570399937587822,78845679,1,67.5355395158132
40,NW000000000000000000000NBSNST0888,2017-05-01 00:00:00,,10000,200,1,50,0.4905793718970447,15765387,1,65.98619054158529
41,NW000000000000000000000NBSNST0888,2017-05-01 00:00:00,,10000,200,1,50,0.5029347826123376,84816610,1,68.39618757168452
42,NW000000000000000000000NBSNST0888,2017-05-01 00:00:00,,10000,150,3,50,0.4195440155118275,47294182,1,122.17000679572423
43,NW000000000000000000000NBSNST0888,2017-05-01 00:00:00,,10000,150,3,50,0.44409028256659866,75657154,1,125.33716177940369
44,NW000000000000000000000NBSNST0888,2017-05-01 00:00:00,,10000,150,3,70,0.42354543440598036,42867303,1,123.62355121374131
45,NW000000000000000000000NBSNST0888,2017-05-01 00:00:00,,15000,100,1,130,0.45875455653699587,9285052,1,68.72220466534297
46,NW000000000000000000000NBSNST0888,2017-05-01 00:00:00,,10000,150,5,50,0.39456423099410504,11117427,1,126.33590125242868
47,NW000000000000000000000NBSNST0888,2017-05-01 00:00:00,,10000,150,5,90,0.43670383605276847,32843390,1,131.184681836764
48,NW000000000000000000000NBSNST0888,2017-05-01 00:00:00,,10000,150,5,60,0.42228449284711334,56834070,1,131.7693520784378
49,NW000000000000000000000NBSNST0888,2017-05-01 00:00:00,,15000,100,1,110,0.46506167542410304,56898503,1,67.91878544092178
50,NW000000000000000000000NBSNST0888,2017-05-01 00:00:00,,15000,100,1,140,0.4685829833276572,76598546,1,69.11698842048645
51,NW000000000000000000000NBSNST0888,2017-05-01 00:00:00,,10000,200,3,50,0.4310272924030841,62120841,1,183.83931638797125
52,NW000000000000000000000NBSNST0888,2017-05-01 00:00:00,,10000,200,3,50,0.4362864908234616,49042487,1,180.99938152631123
53,NW000000000000000000000NBSNST0888,2017-05-01 00:00:00,,10000,200,5,90,0.42554731252563094,21664367,1,179.84395682811737
54,NW000000000000000000000NBSNST0888,2017-05-01 00:00:00,,10000,200,3,50,0.44590281804943044,36881377,1,181.64944982528687
55,NW000000000000000000000NBSNST0888,2017-05-01 00:00:00,,10000,200,5,90,0.4222342929837598,51428536,1,182.42308538754781
56,NW000000000000000000000NBSNST0888,2017-05-01 00:00:00,,10000,200,5,90,0.4083137059009746,55945550,1,185.62928152481715
57,NW000000000000000000000NBSNST0888,2017-05-01 00:00:00,,15000,150,1,150,0.47859242456172413,12260479,1,109.2622801264127
58,NW000000000000000000000NBSNST0888,2017-05-01 00:00:00,,15000,150,1,140,0.4599916160047436,18118969,1,108.57452878952026
59,NW000000000000000000000NBSNST0888,2017-05-01 00:00:00,,15000,150,1,130,0.4619656841353137,67472451,1,108.77432933251063
60,NW000000000000000000000NBSNST0888,2017-05-01 00:00:00,,15000,100,3,80,0.49027016220150893,65933820,1,221.58575061559677
61,NW000000000000000000000NBSNST0888,2017-05-01 00:00:00,,15000,100,3,80,0.49136009061205677,68309054,1,223.56167380809785
62,NW000000000000000000000NBSNST0888,2017-05-01 00:00:00,,15000,100,3,70,0.4745500838989737,70831764,1,229.97907641331355
63,NW000000000000000000000NBSNST0888,2017-05-01 00:00:00,,15000,100,5,70,0.44346596164115587,4652005,1,230.91458888053893
64,NW000000000000000000000NBSNST0888,2017-05-01 00:00:00,,15000,100,5,80,0.4588008164121881,52266162,1,230.17955014308293
65,NW000000000000000000000NBSNST0888,2017-05-01 00:00:00,,15000,100,5,140,0.46600748554156746,45729623,1,234.00948431889216
66,NW000000000000000000000NBSNST0888,2017-05-01 00:00:00,,15000,200,1,140,0.47964704065465863,63004236,1,155.62721869150798
67,NW000000000000000000000NBSNST0888,2017-05-01 00:00:00,,15000,200,1,130,0.4580153348686073,48496391,1,157.85799855788548
68,NW000000000000000000000NBSNST0888,2017-05-01 00:00:00,,15000,200,1,140,0.4488784902969206,36640887,1,159.91765505075455
69,NW000000000000000000000NBSNST0888,2017-05-01 00:00:00,,20000,100,1,130,0.49359259260616095,46834872,1,134.77947534720104
70,NW000000000000000000000NBSNST0888,2017-05-01 00:00:00,,20000,100,1,130,0.4974532137467042,63598097,1,136.54612226486205
71,NW000000000000000000000NBSNST0888,2017-05-01 00:00:00,,15000,150,3,70,0.48068735204841473,70551280,1,372.2738721013069
72,NW000000000000000000000NBSNST0888,2017-05-01 00:00:00,,20000,100,1,120,0.4766348780538477,96106819,1,137.76987003087999
73,NW000000000000000000000NBSNST0888,2017-05-01 00:00:00,,15000,150,3,70,0.4896200699646616,32050856,1,349.1440627177556
74,NW000000000000000000000NBSNST0888,2017-05-01 00:00:00,,15000,150,5,110,0.476085108392592,93255875,1,368.51850304206215
75,NW000000000000000000000NBSNST0888,2017-05-01 00:00:00,,15000,150,3,120,0.4948046095596099,71707520,1,380.3307059685389
76,NW000000000000000000000NBSNST0888,2017-05-01 00:00:00,,15000,150,5,140,0.462236495737202,95936150,1,396.44536887407304
77,NW000000000000000000000NBSNST0888,2017-05-01 00:00:00,,15000,150,5,140,0.4684381855590416,89604676,1,401.7893100102743
78,NW000000000000000000000NBSNST0888,2017-05-01 00:00:00,,15000,200,3,70,0.4822978915963797,99138095,1,533.0857516209285
79,NW000000000000000000000NBSNST0888,2017-05-01 00:00:00,,20000,150,1,110,0.49648613990326557,78645775,1,209.50385108391444
80,NW000000000000000000000NBSNST0888,2017-05-01 00:00:00,,20000,150,1,120,0.5131507526180945,67484997,1,216.62851320902507
81,NW000000000000000000000NBSNST0888,2017-05-01 00:00:00,,20000,150,1,120,0.47289937700255297,28279109,1,213.8738620996475
82,NW000000000000000000000NBSNST0888,2017-05-01 00:00:00,,15000,200,3,70,0.4775870775058947,90438236,1,531.088070042928
83,NW000000000000000000000NBSNST0888,2017-05-01 00:00:00,,15000,200,5,110,0.4920100136530895,48453381,1,502.9136324564616
84,NW000000000000000000000NBSNST0888,2017-05-01 00:00:00,,15000,200,5,70,0.4629265615106229,81927211,1,510.5589763800303
85,NW000000000000000000000NBSNST0888,2017-05-01 00:00:00,,15000,200,3,70,0.4707719583692965,35931445,1,544.4721888224284
86,NW000000000000000000000NBSNST0888,2017-05-01 00:00:00,,15000,200,5,150,0.47519860657184243,21378282,1,530.9811989466349
87,NW000000000000000000000NBSNST0888,2017-05-01 00:00:00,,20000,100,3,100,0.4964889796176421,24534005,1,497.28277073701224
88,NW000000000000000000000NBSNST0888,2017-05-01 00:00:00,,20000,100,3,110,0.5106886911188835,80502104,1,497.5857459505399
89,NW000000000000000000000NBSNST0888,2017-05-01 00:00:00,,20000,100,3,100,0.5075805994794258,45706651,1,486.93510175943373
90,NW000000000000000000000NBSNST0888,2017-05-01 00:00:00,,20000,100,5,130,0.4863417958250098,19592742,1,515.5823682626088
91,NW000000000000000000000NBSNST0888,2017-05-01 00:00:00,,20000,100,5,100,0.4567167551197963,90094031,1,519.6409277518591
92,NW000000000000000000000NBSNST0888,2017-05-01 00:00:00,,20000,100,5,190,0.4809262073938353,16203032,1,511.51732892195383
93,NW00000000000000BISMARKSTRNV00637,2017-10-16 00:00:00,,5000,100,1,590,0,36711255,2,26.548539857069652
94,NW00000000000000BISMARKSTRNV00637,2017-10-16 00:00:00,,5000,100,1,590,0,22353373,2,26.476867532730104
95,NW000000000000000000000NBSNST0888,2017-05-01 00:00:00,,20000,200,1,120,0.4895284177707466,73369064,1,280.2497545639674
96,NW000000000000000000000NBSNST0888,2017-05-01 00:00:00,,20000,200,1,120,0.4856304624506297,29696226,1,291.79262955586114
97,NW00000000000000BISMARKSTRNV00637,2017-10-16 00:00:00,,5000,100,1,590,0,27570639,2,26.782308566570283
98,NW00000000000000BISMARKSTRNV00637,2017-10-16 00:00:00,,5000,100,3,590,0,71337437,2,30.221504588921864
99,NW000000000000000000000NBSNST0888,2017-05-01 00:00:00,,20000,200,1,140,0.49443619863054894,18770153,1,288.70633105834327
100,NW00000000000000BISMARKSTRNV00637,2017-10-16 00:00:00,,5000,100,3,590,0,84589338,2,28.786570469538372
101,NW00000000000000BISMARKSTRNV00637,2017-10-16 00:00:00,,5000,100,3,590,0,79930188,2,30.774455463886262
102,NW00000000000000BISMARKSTRNV00637,2017-10-16 00:00:00,,5000,100,5,590,0,82675246,2,31.54632831811905
103,NW00000000000000BISMARKSTRNV00637,2017-10-16 00:00:00,,5000,100,5,590,0,51882274,2,31.892618791262308
104,NW00000000000000BISMARKSTRNV00637,2017-10-16 00:00:00,,5000,100,5,590,0,18907774,2,32.41363634268443
105,NW00000000000000BISMARKSTRNV00637,2017-10-16 00:00:00,,5000,150,1,590,0,92271644,2,41.48079472382863
106,NW00000000000000BISMARKSTRNV00637,2017-10-16 00:00:00,,5000,150,1,590,0,45387244,2,39.22200002670288
107,NW00000000000000BISMARKSTRNV00637,2017-10-16 00:00:00,,5000,150,1,590,0,69859085,2,41.67831247250239
108,NW00000000000000BISMARKSTRNV00637,2017-10-16 00:00:00,,5000,150,3,590,0,98092304,2,43.5782208720843
109,NW00000000000000BISMARKSTRNV00637,2017-10-16 00:00:00,,5000,150,3,590,0,17033507,2,43.027198302745816
110,NW00000000000000BISMARKSTRNV00637,2017-10-16 00:00:00,,5000,150,3,590,0,14760648,2,45.004943044980365
111,NW00000000000000BISMARKSTRNV00637,2017-10-16 00:00:00,,5000,150,5,590,0,35802538,2,46.61315899292628
112,NW00000000000000BISMARKSTRNV00637,2017-10-16 00:00:00,,5000,150,5,590,0,49661814,2,44.607868234316506
113,NW00000000000000BISMARKSTRNV00637,2017-10-16 00:00:00,,5000,150,5,590,0,2024879,2,45.554690551757815
114,NW00000000000000BISMARKSTRNV00637,2017-10-16 00:00:00,,5000,200,1,590,0,40032674,2,53.37862459023793
115,NW00000000000000BISMARKSTRNV00637,2017-10-16 00:00:00,,5000,200,1,590,0,31075473,2,55.58541757265727
116,NW00000000000000BISMARKSTRNV00637,2017-10-16 00:00:00,,5000,200,1,590,0,44240454,2,54.10195214351018
117,NW00000000000000BISMARKSTRNV00637,2017-10-16 00:00:00,,5000,200,3,590,0,35725686,2,59.05544501543045
118,NW000000000000000000000NBSNST0888,2017-05-01 00:00:00,,20000,150,3,100,0.5033881056686962,79230867,1,760.0277977705002
119,NW00000000000000BISMARKSTRNV00637,2017-10-16 00:00:00,,5000,200,3,590,0,44341201,2,60.27919871807099
120,NW00000000000000BISMARKSTRNV00637,2017-10-16 00:00:00,,5000,200,3,590,0,40003655,2,60.0946240345637
121,NW00000000000000BISMARKSTRNV00637,2017-10-16 00:00:00,,5000,200,5,590,0,67770697,2,64.12232840855917
122,NW00000000000000BISMARKSTRNV00637,2017-10-16 00:00:00,,5000,200,5,590,0,68693512,2,61.89670064846675
123,NW00000000000000BISMARKSTRNV00637,2017-10-16 00:00:00,,5000,200,5,590,0,74047144,2,62.41055705944697
124,NW000000000000000000000NBSNST0888,2017-05-01 00:00:00,,20000,150,3,100,0.5050459275484603,24000306,1,682.0874463160833
125,NW00000000000000BISMARKSTRNV00637,2017-10-16 00:00:00,,10000,100,1,590,0,49785416,2,97.41410499016443
126,NW00000000000000BISMARKSTRNV00637,2017-10-16 00:00:00,,10000,100,1,590,0,40964420,2,95.7068826198578
127,NW00000000000000BISMARKSTRNV00637,2017-10-16 00:00:00,,10000,100,1,590,0,29694482,2,93.10659323533376
128,NW000000000000000000000NBSNST0888,2017-05-01 00:00:00,,20000,150,3,100,0.4946110816492621,3663313,1,747.4902448654175
129,NW000000000000000000000NBSNST0888,2017-05-01 00:00:00,,20000,150,5,110,0.48915119543898017,22466095,1,715.9884052077929
130,NW00000000000000BISMARKSTRNV00637,2017-10-16 00:00:00,,10000,100,3,590,0,94889955,2,100.48814075787863
131,NW00000000000000BISMARKSTRNV00637,2017-10-16 00:00:00,,10000,100,3,590,0,68924860,2,102.80749282042186
132,NW000000000000000000000NBSNST0888,2017-05-01 00:00:00,,20000,150,5,100,0.47963293073748287,94877989,1,765.8737140258153
133,NW00000000000000BISMARKSTRNV00637,2017-10-16 00:00:00,,10000,100,3,590,0,12568555,2,103.29183065096537
134,NW00000000000000BISMARKSTRNV00637,2017-10-16 00:00:00,,10000,100,5,590,0,23603329,2,102.06050275564193
135,NW00000000000000BISMARKSTRNV00637,2017-10-16 00:00:00,,10000,100,5,590,0,56822992,2,110.17075250148773
136,NW00000000000000BISMARKSTRNV00637,2017-10-16 00:00:00,,10000,100,5,590,0,79603266,2,107.89330608844757
137,NW000000000000000000000NBSNST0888,2017-05-01 00:00:00,,20000,150,5,120,0.4871605011028329,39150807,1,771.5077272295952
138,NW00000000000000BISMARKSTRNV00637,2017-10-16 00:00:00,,10000,150,1,590,0,26315088,2,148.87501847743988
139,NW00000000000000BISMARKSTRNV00637,2017-10-16 00:00:00,,10000,150,1,590,0,61547703,2,148.12968258857728
140,NW00000000000000BISMARKSTRNV00637,2017-10-16 00:00:00,,10000,150,1,590,0,48436183,2,150.45510993798572
141,NW00000000000000BISMARKSTRNV00637,2017-10-16 00:00:00,,10000,150,3,590,0,32490780,2,153.12027853329977
142,NW00000000000000BISMARKSTRNV00637,2017-10-16 00:00:00,,10000,150,3,590,0,89140926,2,147.8290982087453
143,NW00000000000000BISMARKSTRNV00637,2017-10-16 00:00:00,,10000,150,3,590,0,80233856,2,159.71711484591165
144,NW00000000000000BISMARKSTRNV00637,2017-10-16 00:00:00,,10000,150,5,590,0,97543359,2,158.6423641006152
145,NW00000000000000BISMARKSTRNV00637,2017-10-16 00:00:00,,10000,150,5,590,0,14913693,2,164.21993839740753
146,NW00000000000000BISMARKSTRNV00637,2017-10-16 00:00:00,,10000,150,5,590,0,1153615,2,156.0274496157964
147,NW00000000000000BISMARKSTRNV00637,2017-10-16 00:00:00,,10000,200,1,590,0,42618213,2,205.72010643482207
148,NW000000000000000000000NBSNST0888,2017-05-01 00:00:00,,20000,200,3,100,0.4914803576976462,34402964,1,961.3860204021136
149,NW000000000000000000000NBSNST0888,2017-05-01 00:00:00,,20000,200,3,100,0.513994801465858,81757979,1,980.9761951804161
150,NW00000000000000BISMARKSTRNV00637,2017-10-16 00:00:00,,10000,200,1,590,0,94753833,2,199.27401455640793
151,NW00000000000000BISMARKSTRNV00637,2017-10-16 00:00:00,,10000,200,1,590,0,13009069,2,200.71656764348347
152,NW00000000000000BISMARKSTRNV00637,2017-10-16 00:00:00,,10000,200,3,590,0,1244061,2,218.79942851861318
153,NW00000000000000BISMARKSTRNV00637,2017-10-16 00:00:00,,10000,200,3,590,0,17332858,2,227.4579273223877
154,NW00000000000000BISMARKSTRNV00637,2017-10-16 00:00:00,,10000,200,3,590,0,66021497,2,218.9838192621867
155,NW00000000000000BISMARKSTRNV00637,2017-10-16 00:00:00,,10000,200,5,590,0,89467464,2,216.55497985283534
156,NW00000000000000BISMARKSTRNV00637,2017-10-16 00:00:00,,10000,200,5,590,0,48572417,2,225.52925335963567
157,NW00000000000000BISMARKSTRNV00637,2017-10-16 00:00:00,,10000,200,5,590,0,89492793,2,221.8598578174909
158,NW000000000000000000000NBSNST0888,2017-05-01 00:00:00,,20000,200,3,100,0.5036166960425247,86663173,1,1020.336453851064
159,NW00000000000000BISMARKSTRNV00637,2017-10-16 00:00:00,,15000,100,1,590,0,52620350,2,253.84832769234976
160,NW000000000000000000000NBSNST0888,2017-05-01 00:00:00,,20000,200,5,180,0.47003583608203686,50063668,1,1035.2230585972468
161,NW00000000000000BISMARKSTRNV00637,2017-10-16 00:00:00,,15000,100,1,590,0,90183300,2,240.97454237937927
162,NW000000000000000000000NBSNST0888,2017-05-01 00:00:00,,20000,200,5,170,0.4736098851463426,99414569,1,1039.8921639561654
163,NW000000000000000000000NBSNST0888,2017-05-01 00:00:00,,20000,200,5,190,0.4828293824933597,9972555,1,1036.8385778307916
164,NW00000000000000BISMARKSTRNV00637,2017-10-16 00:00:00,,15000,100,1,590,0,60708604,2,256.15891721248624
165,NW00000000000000BISMARKSTRNV00637,2017-10-16 00:00:00,,15000,100,3,590,0,94581079,2,256.08335178693136
166,NW00000000000000BISMARKSTRNV00637,2017-10-16 00:00:00,,15000,100,3,590,0,49329187,2,262.1943848649661
167,NW00000000000000BISMARKSTRNV00637,2017-10-16 00:00:00,,15000,100,3,590,0,18952197,2,255.09878576596577
168,NW00000000000000BISMARKSTRNV00637,2017-10-16 00:00:00,,15000,100,5,590,0,65285665,2,256.6080170631409
169,NW00000000000000BISMARKSTRNV00637,2017-10-16 00:00:00,,15000,100,5,590,0,48659100,2,269.87317498922346
170,NW00000000000000BISMARKSTRNV00637,2017-10-16 00:00:00,,15000,100,5,590,0,66908120,2,267.60696438948315
171,NW00000000000000BISMARKSTRNV00637,2017-10-16 00:00:00,,15000,150,1,590,0,12589718,2,310.8531367580096
172,NW00000000000000BISMARKSTRNV00637,2017-10-16 00:00:00,,15000,150,1,590,0,46524609,2,316.83235060771307
173,NW00000000000000BISMARKSTRNV00637,2017-10-16 00:00:00,,15000,150,1,590,0,11851141,2,395.79476994276047
174,NW00000000000000BISMARKSTRNV00637,2017-10-16 00:00:00,,15000,150,3,590,0,46829755,2,407.2714521686236
175,NW00000000000000BISMARKSTRNV00637,2017-10-16 00:00:00,,15000,150,3,590,0,19316366,2,410.1700399716695
176,NW00000000000000BISMARKSTRNV00637,2017-10-16 00:00:00,,15000,150,3,590,0,84911235,2,412.08454656998316
177,NW00000000000000BISMARKSTRNV00637,2017-10-16 00:00:00,,15000,150,5,590,0,59261353,2,419.1754834850629
178,NW00000000000000BISMARKSTRNV00637,2017-10-16 00:00:00,,15000,150,5,590,0,36180353,2,412.54260803461074
179,NW00000000000000BISMARKSTRNV00637,2017-10-16 00:00:00,,15000,150,5,590,0,63304960,2,416.69395289421084
180,NW00000000000000BISMARKSTRNV00637,2017-10-16 00:00:00,,15000,200,1,590,0,10736624,2,487.39407295385996
181,NW00000000000000BISMARKSTRNV00637,2017-10-16 00:00:00,,15000,200,1,590,0,59001245,2,537.8773845632871
182,NW00000000000000BISMARKSTRNV00637,2017-10-16 00:00:00,,15000,200,1,590,0,44112791,2,530.5749113003413
183,NW00000000000000BISMARKSTRNV00637,2017-10-16 00:00:00,,15000,200,3,590,0,61625525,2,478.5234754284223
184,NW00000000000000BISMARKSTRNV00637,2017-10-16 00:00:00,,15000,200,3,590,0,95997599,2,510.29702802499133
185,NW00000000000000BISMARKSTRNV00637,2017-10-16 00:00:00,,15000,200,3,590,0,99327323,2,555.982202967008
186,NW00000000000000BISMARKSTRNV00637,2017-10-16 00:00:00,,15000,200,5,590,0,21621989,2,461.2861034035683
187,NW00000000000000BISMARKSTRNV00637,2017-10-16 00:00:00,,15000,200,5,590,0,68498948,2,567.6527294079463
188,NW00000000000000BISMARKSTRNV00637,2017-10-16 00:00:00,,15000,200,5,590,0,92444704,2,547.5121670087178
189,NW00000000000000BISMARKSTRNV00637,2017-10-16 00:00:00,,20000,100,1,590,0,25966293,2,496.17147517204285
190,NW00000000000000BISMARKSTRNV00637,2017-10-16 00:00:00,,20000,100,1,590,0,26308663,2,496.59544032414755
191,NW00000000000000BISMARKSTRNV00637,2017-10-16 00:00:00,,20000,100,1,590,0,42202854,2,495.06702510118487
192,NW00000000000000BISMARKSTRNV00637,2017-10-16 00:00:00,,20000,100,3,590,0,23916397,2,516.0122932195663
193,NW00000000000000BISMARKSTRNV00637,2017-10-16 00:00:00,,20000,100,3,590,0,3855572,2,519.793675450484
194,NW00000000000000BISMARKSTRNV00637,2017-10-16 00:00:00,,20000,100,3,590,0,5685835,2,515.9450266043345
195,NW00000000000000BISMARKSTRNV00637,2017-10-16 00:00:00,,20000,100,5,590,0,31126039,2,522.9590087572734
196,NW00000000000000BISMARKSTRNV00637,2017-10-16 00:00:00,,20000,100,5,590,0,4465996,2,461.8012949148814
197,NW00000000000000BISMARKSTRNV00637,2017-10-16 00:00:00,,20000,100,5,590,0,19207983,2,518.1713244080544
198,NW00000000000000BISMARKSTRNV00637,2017-10-16 00:00:00,,20000,150,1,590,0,72732961,2,602.7626791755358
199,NW00000000000000BISMARKSTRNV00637,2017-10-16 00:00:00,,20000,150,1,590,0,91862025,2,665.2046546618144
200,NW00000000000000BISMARKSTRNV00637,2017-10-16 00:00:00,,20000,150,1,590,0,49229022,2,751.064487806956
201,NW000000000000000000000NBSNST0928,2017-09-17 00:00:00,,5000,100,1,590,0,97702460,3,25.277476743857065
202,NW000000000000000000000NBSNST0928,2017-09-17 00:00:00,,5000,100,1,590,0,82765219,3,25.592060442765554
203,NW00000000000000BISMARKSTRNV00637,2017-10-16 00:00:00,,20000,150,3,590,0,47949652,2,766.9691645741462
204,NW000000000000000000000NBSNST0928,2017-09-17 00:00:00,,5000,100,1,590,0,32328574,3,25.749107571442924
205,NW000000000000000000000NBSNST0928,2017-09-17 00:00:00,,5000,100,3,590,0,97291357,3,29.598236536979677
206,NW000000000000000000000NBSNST0928,2017-09-17 00:00:00,,5000,100,3,590,0,38667647,3,28.98875221411387
207,NW000000000000000000000NBSNST0928,2017-09-17 00:00:00,,5000,100,3,590,0,3007339,3,28.5303772409757
208,NW00000000000000BISMARKSTRNV00637,2017-10-16 00:00:00,,20000,150,3,590,0,9592237,2,780.6383409897486
209,NW000000000000000000000NBSNST0928,2017-09-17 00:00:00,,5000,100,5,590,0,58838749,3,31.11648116906484
210,NW00000000000000BISMARKSTRNV00637,2017-10-16 00:00:00,,20000,150,3,590,0,97200668,2,768.2981383959452
211,NW000000000000000000000NBSNST0928,2017-09-17 00:00:00,,5000,100,5,590,0,35884260,3,31.081239819526672
212,NW000000000000000000000NBSNST0928,2017-09-17 00:00:00,,5000,100,5,590,0,69313676,3,30.11225471099218
213,NW000000000000000000000NBSNST0928,2017-09-17 00:00:00,,5000,150,1,590,0,12810626,3,41.33404112656911
214,NW000000000000000000000NBSNST0928,2017-09-17 00:00:00,,5000,150,1,590,0,74362936,3,38.13543297847112
215,NW00000000000000BISMARKSTRNV00637,2017-10-16 00:00:00,,20000,150,5,590,0,48409074,2,692.2370481411616
216,NW000000000000000000000NBSNST0928,2017-09-17 00:00:00,,5000,150,1,590,0,42078434,3,39.20356884797414
217,NW000000000000000000000NBSNST0928,2017-09-17 00:00:00,,5000,150,3,590,0,80071079,3,45.84782231251399
218,NW00000000000000BISMARKSTRNV00637,2017-10-16 00:00:00,,20000,150,5,590,0,52636511,2,787.9327594081561
219,NW000000000000000000000NBSNST0928,2017-09-17 00:00:00,,5000,150,3,590,0,15053515,3,44.99575674533844
220,NW000000000000000000000NBSNST0928,2017-09-17 00:00:00,,5000,150,3,590,0,89511508,3,44.14951913754145
221,NW000000000000000000000NBSNST0928,2017-09-17 00:00:00,,5000,150,5,590,0,96851083,3,46.191248786449435
222,NW000000000000000000000NBSNST0928,2017-09-17 00:00:00,,5000,150,5,590,0,3198511,3,46.61432351271311
223,NW000000000000000000000NBSNST0928,2017-09-17 00:00:00,,5000,150,5,590,0,57230004,3,47.46214429140091
224,NW00000000000000BISMARKSTRNV00637,2017-10-16 00:00:00,,20000,150,5,590,0,43581359,2,791.4855093399684
225,NW000000000000000000000NBSNST0928,2017-09-17 00:00:00,,5000,200,1,590,0,77060632,3,51.585083202521005
226,NW000000000000000000000NBSNST0928,2017-09-17 00:00:00,,5000,200,1,590,0,55887917,3,51.01790832678477
227,NW000000000000000000000NBSNST0928,2017-09-17 00:00:00,,5000,200,1,590,0,11743610,3,52.350204014778136
228,NW000000000000000000000NBSNST0928,2017-09-17 00:00:00,,5000,200,3,590,0,1041093,3,61.381684839725494
229,NW000000000000000000000NBSNST0928,2017-09-17 00:00:00,,5000,200,3,590,0,44450578,3,64.18979854981104
230,NW000000000000000000000NBSNST0928,2017-09-17 00:00:00,,5000,200,3,590,0,31935621,3,60.12892256180445
231,NW000000000000000000000NBSNST0928,2017-09-17 00:00:00,,5000,200,5,590,0,56782719,3,63.36023638248444
232,NW000000000000000000000NBSNST0928,2017-09-17 00:00:00,,5000,200,5,590,0,78851736,3,63.321607784430185
233,NW000000000000000000000NBSNST0928,2017-09-17 00:00:00,,5000,200,5,590,0,41312063,3,67.92738880316416
234,NW000000000000000000000NBSNST0928,2017-09-17 00:00:00,,10000,100,1,590,0,70565774,3,96.53947068452835
235,NW000000000000000000000NBSNST0928,2017-09-17 00:00:00,,10000,100,1,590,0,42571097,3,95.40625456968944
236,NW000000000000000000000NBSNST0928,2017-09-17 00:00:00,,10000,100,1,590,0,92098353,3,96.80442310969035
237,NW000000000000000000000NBSNST0928,2017-09-17 00:00:00,,10000,100,3,590,0,89933333,3,106.78354566494623
238,NW000000000000000000000NBSNST0928,2017-09-17 00:00:00,,10000,100,3,590,0,59835635,3,103.45010428031286
239,NW000000000000000000000NBSNST0928,2017-09-17 00:00:00,,10000,100,3,590,0,94664449,3,105.27859065532684
240,NW000000000000000000000NBSNST0928,2017-09-17 00:00:00,,10000,100,5,590,0,69556957,3,109.6501539349556
241,NW000000000000000000000NBSNST0928,2017-09-17 00:00:00,,10000,100,5,590,0,26629688,3,108.58016660610835
242,NW000000000000000000000NBSNST0928,2017-09-17 00:00:00,,10000,100,5,590,0,46298219,3,105.40482622385025
243,NW000000000000000000000NBSNST0928,2017-09-17 00:00:00,,10000,150,1,590,0,20765683,3,146.13246492147445
244,NW00000000000000BISMARKSTRNV00637,2017-10-16 00:00:00,,20000,200,1,590,0,34189386,2,1025.4397974888484
245,NW000000000000000000000NBSNST0928,2017-09-17 00:00:00,,10000,150,1,590,0,1268458,3,146.9350171883901
246,NW000000000000000000000NBSNST0928,2017-09-17 00:00:00,,10000,150,1,590,0,7795039,3,147.75182458162308
247,NW00000000000000BISMARKSTRNV00637,2017-10-16 00:00:00,,20000,200,1,590,0,71564114,2,1029.1485622723897
248,NW000000000000000000000NBSNST0928,2017-09-17 00:00:00,,10000,150,3,590,0,59749868,3,159.17715497414272
249,NW00000000000000BISMARKSTRNV00637,2017-10-16 00:00:00,,20000,200,3,590,0,94235025,2,938.6009108662605
250,NW000000000000000000000NBSNST0928,2017-09-17 00:00:00,,10000,150,3,590,0,95352053,3,165.73669404188792
251,NW00000000000000BISMARKSTRNV00637,2017-10-16 00:00:00,,20000,200,1,590,0,42575379,2,1032.440122783184
252,NW000000000000000000000NBSNST0928,2017-09-17 00:00:00,,10000,150,3,590,0,56193891,3,164.5409605383873
253,NW00000000000000BISMARKSTRNV00637,2017-10-16 00:00:00,,20000,200,3,590,0,8272056,2,1060.9897537867228
254,NW000000000000000000000NBSNST0928,2017-09-17 00:00:00,,10000,150,5,590,0,7853944,3,164.69842102924983
255,NW00000000000000BISMARKSTRNV00637,2017-10-16 00:00:00,,20000,200,3,590,0,38174290,2,1062.5161990602812
256,NW00000000000000BISMARKSTRNV00637,2017-10-16 00:00:00,,20000,200,5,590,0,14504988,2,952.4708789825439
257,NW000000000000000000000NBSNST0928,2017-09-17 00:00:00,,10000,150,5,590,0,68359967,3,164.08609509070715
258,NW000000000000000000000NBSNST0928,2017-09-17 00:00:00,,10000,150,5,590,0,17847576,3,170.2558345834414
259,NW000000000000000000000NBSNST0928,2017-09-17 00:00:00,,10000,200,1,590,0,39708787,3,196.04801601171494
260,NW000000000000000000000NBSNST0928,2017-09-17 00:00:00,,10000,200,1,590,0,53407833,3,203.0772440036138
261,NW000000000000000000000NBSNST0928,2017-09-17 00:00:00,,10000,200,1,590,0,52731688,3,198.98792929251988
262,NW000000000000000000000NBSNST0928,2017-09-17 00:00:00,,10000,200,3,590,0,70852219,3,223.06644289096195
263,NW000000000000000000000NBSNST0928,2017-09-17 00:00:00,,10000,200,3,590,0,58147343,3,222.61007181008657
264,NW000000000000000000000NBSNST0928,2017-09-17 00:00:00,,10000,200,3,590,0,74446428,3,226.5626586675644
265,NW000000000000000000000NBSNST0928,2017-09-17 00:00:00,,10000,200,5,590,0,67417496,3,236.00210942029952
266,NW000000000000000000000NBSNST0928,2017-09-17 00:00:00,,10000,200,5,590,0,62081737,3,239.73374423980712
267,NW00000000000000BISMARKSTRNV00637,2017-10-16 00:00:00,,20000,200,5,590,0,41627788,2,945.0994507511457
268,NW000000000000000000000NBSNST0928,2017-09-17 00:00:00,,10000,200,5,590,0,70966951,3,226.96490989923478
269,NW00000000000000BISMARKSTRNV00637,2017-10-16 00:00:00,,20000,200,5,590,0,37043868,2,1029.3456124067307
270,NW000000000000000000000NBSNST0928,2017-09-17 00:00:00,,15000,100,1,590,0,10407424,3,213.3464050968488
271,NW000000000000000000000NBSNST0928,2017-09-17 00:00:00,,15000,100,1,590,0,87366821,3,254.50122540394466
272,NW000000000000000000000NBSNST0928,2017-09-17 00:00:00,,15000,100,1,590,0,29383102,3,255.56040459473928
273,NW000000000000000000000NBSNST0928,2017-09-17 00:00:00,,15000,100,3,590,0,62498265,3,232.69818097352982
274,NW000000000000000000000NBSNST0928,2017-09-17 00:00:00,,15000,100,3,590,0,95474073,3,282.74434103568393
275,NW000000000000000000000NBSNST0928,2017-09-17 00:00:00,,15000,100,3,590,0,53472292,3,274.2332987387975
276,NW000000000000000000000NBSNST0928,2017-09-17 00:00:00,,15000,100,5,590,0,86569761,3,259.4786373694738
277,NW000000000000000000000NBSNST0928,2017-09-17 00:00:00,,15000,100,5,590,0,82603547,3,277.4108421524366
278,NW000000000000000000000NBSNST0928,2017-09-17 00:00:00,,15000,100,5,590,0,58055773,3,275.9540154457092
279,NW000000000000000000000NBSNST0928,2017-09-17 00:00:00,,15000,150,1,590,0,35461688,3,378.7990131735802
280,NW000000000000000000000NBSNST0928,2017-09-17 00:00:00,,15000,150,1,590,0,63143897,3,390.9472356915474
281,NW000000000000000000000NBSNST0928,2017-09-17 00:00:00,,15000,150,3,590,0,8824935,3,356.56026013294854
282,NW000000000000000000000NBSNST0928,2017-09-17 00:00:00,,15000,150,3,590,0,57075914,3,372.78063970009487
283,NW000000000000000000000NBSNST0928,2017-09-17 00:00:00,,15000,150,1,590,0,13825019,3,394.8455231308937
284,NW000000000000000000000NBSNST0928,2017-09-17 00:00:00,,15000,150,5,590,0,56722981,3,350.78048001130423
285,NW000000000000000000000NBSNST0928,2017-09-17 00:00:00,,15000,150,3,590,0,19105689,3,414.9616147677104
286,NW000000000000000000000NBSNST0928,2017-09-17 00:00:00,,15000,150,5,590,0,79259496,3,431.812314983209
287,NW000000000000000000000NBSNST0928,2017-09-17 00:00:00,,15000,150,5,590,0,85802949,3,412.50608647267023
288,NW000000000000000000000NBSNST0928,2017-09-17 00:00:00,,15000,200,1,590,0,97989801,3,504.1623103062312
289,NW000000000000000000000NBSNST0928,2017-09-17 00:00:00,,15000,200,1,590,0,72106844,3,529.5006252646447
290,NW000000000000000000000NBSNST0928,2017-09-17 00:00:00,,15000,200,1,590,0,40374783,3,528.8739255428314
291,NW000000000000000000000NBSNST0928,2017-09-17 00:00:00,,15000,200,3,590,0,32127925,3,553.7491793235143
292,NW000000000000000000000NBSNST0928,2017-09-17 00:00:00,,15000,200,3,590,0,44177185,3,551.9385982354482
293,NW000000000000000000000NBSNST0928,2017-09-17 00:00:00,,15000,200,3,590,0,81661016,3,570.7953511039416
294,NW000000000000000000000NBSNST0928,2017-09-17 00:00:00,,20000,100,1,380,0.1426856113049574,72983956,3,392.4437504967054
295,NW000000000000000000000NBSNST0928,2017-09-17 00:00:00,,15000,200,5,590,0,24249063,3,574.1117941180866
296,NW000000000000000000000NBSNST0928,2017-09-17 00:00:00,,20000,100,1,510,0.15997595973241635,31959528,3,488.4128520409266
297,NW000000000000000000000NBSNST0928,2017-09-17 00:00:00,,20000,100,1,590,0.17663964022834738,78341893,3,496.153283504645
298,NW000000000000000000000NBSNST0928,2017-09-17 00:00:00,,20000,100,3,590,0.11228918362644584,29621230,3,505.00992445548377
299,NW000000000000000000000NBSNST0928,2017-09-17 00:00:00,,15000,200,5,590,0,8235436,3,589.5539131760597
300,NW000000000000000000000NBSNST0928,2017-09-17 00:00:00,,20000,100,3,590,0.11374384527376565,19669907,3,511.3036108891169
301,NW000000000000000000000NBSNST0928,2017-09-17 00:00:00,,15000,200,5,590,0,54018462,3,582.0625379085541
302,NW000000000000000000000NBSNST0928,2017-09-17 00:00:00,,20000,100,3,400,0.0902614599236074,23400050,3,522.8371871908506
303,NW000000000000000000000NBSNST0928,2017-09-17 00:00:00,,20000,100,5,550,0.09552366535158623,99832119,3,532.3271065751711
304,NW000000000000000000000NBSNST0928,2017-09-17 00:00:00,,20000,100,5,580,0.09925464799451385,84964358,3,535.4054992437362
305,NW000000000000000000000NBSNST0928,2017-09-17 00:00:00,,20000,100,5,490,0.09139902358671585,67766012,3,540.3888209422429
306,NW000000000000000000000NBSNST0928,2017-09-17 00:00:00,,20000,150,1,590,0.1560175099616519,71978205,3,639.3456291913986
307,NW000000000000000000000NBSNST0928,2017-09-17 00:00:00,,20000,150,1,590,0.17393833808147488,87266451,3,740.3694068988165
308,NW000000000000000000000NBSNST0928,2017-09-17 00:00:00,,20000,150,3,500,0.10576633138164802,97000123,3,678.8598162372907
309,NW00000000000BISMARKSTRASSNV01035,2017-09-18 00:00:00,,5000,100,1,590,0,94230716,1,25.602518518765766
310,NW00000000000BISMARKSTRASSNV01035,2017-09-18 00:00:00,,5000,100,1,590,0,8180569,1,27.15327310959498
311,NW000000000000000000000NBSNST0928,2017-09-17 00:00:00,,20000,150,1,590,0.17393833808147488,68436992,3,763.8112231135368
312,NW000000000000000000000NBSNST0928,2017-09-17 00:00:00,,20000,150,3,480,0.10181938666089087,63670063,3,713.242621421814
313,NW00000000000BISMARKSTRASSNV01035,2017-09-18 00:00:00,,5000,100,1,590,0,53931694,1,25.277979346116386
314,NW000000000000000000000NBSNST0928,2017-09-17 00:00:00,,20000,150,3,540,0.10823721225921823,83218996,3,786.8161964495977
315,NW00000000000BISMARKSTRASSNV01035,2017-09-18 00:00:00,,5000,100,3,590,0,86106162,1,27.52835932970047
316,NW00000000000BISMARKSTRASSNV01035,2017-09-18 00:00:00,,5000,100,3,590,0,77146230,1,29.55077310403188
317,NW00000000000BISMARKSTRASSNV01035,2017-09-18 00:00:00,,5000,100,3,590,0,46197639,1,28.638473971684775
318,NW00000000000BISMARKSTRASSNV01035,2017-09-18 00:00:00,,5000,100,5,590,0,68803283,1,29.279061019420624
319,NW00000000000BISMARKSTRASSNV01035,2017-09-18 00:00:00,,5000,100,5,590,0,81536289,1,29.553851286570232
320,NW00000000000BISMARKSTRASSNV01035,2017-09-18 00:00:00,,5000,100,5,590,0,95857006,1,29.21055195728938
321,NW00000000000BISMARKSTRASSNV01035,2017-09-18 00:00:00,,5000,150,1,590,0,61639940,1,38.75329829057058
322,NW00000000000BISMARKSTRASSNV01035,2017-09-18 00:00:00,,5000,150,1,590,0,61519442,1,38.560044050216675
323,NW00000000000BISMARKSTRASSNV01035,2017-09-18 00:00:00,,5000,150,1,590,0,25513957,1,38.67981335719426
324,NW00000000000BISMARKSTRASSNV01035,2017-09-18 00:00:00,,5000,150,3,590,0,72807925,1,42.165573143959044
325,NW00000000000BISMARKSTRASSNV01035,2017-09-18 00:00:00,,5000,150,3,590,0,69916011,1,40.31975847880046
326,NW00000000000BISMARKSTRASSNV01035,2017-09-18 00:00:00,,5000,150,3,590,0,26285356,1,42.90650359392166
327,NW00000000000BISMARKSTRASSNV01035,2017-09-18 00:00:00,,5000,150,5,590,0,11267170,1,43.939304614067076
328,NW000000000000000000000NBSNST0928,2017-09-17 00:00:00,,20000,150,5,280,0.06614378277661476,67352382,3,783.1169305245081
329,NW00000000000BISMARKSTRASSNV01035,2017-09-18 00:00:00,,5000,150,5,590,0,91743896,1,42.266092745463055
330,NW000000000000000000000NBSNST0928,2017-09-17 00:00:00,,20000,150,5,370,0.07659931867387448,13459133,3,788.1225118239721
331,NW00000000000BISMARKSTRASSNV01035,2017-09-18 00:00:00,,5000,150,5,590,0,40738086,1,42.63678868611654
332,NW000000000000000000000NBSNST0928,2017-09-17 00:00:00,,20000,150,5,410,0.07975322515783874,67130381,3,782.3170127272606
333,NW00000000000BISMARKSTRASSNV01035,2017-09-18 00:00:00,,5000,200,1,590,0,85430154,1,51.87965056101481
334,NW00000000000BISMARKSTRASSNV01035,2017-09-18 00:00:00,,5000,200,1,590,0,52841745,1,49.64331973393758
335,NW00000000000BISMARKSTRASSNV01035,2017-09-18 00:00:00,,5000,200,1,590,0,55363683,1,52.655238620440166
336,NW00000000000BISMARKSTRASSNV01035,2017-09-18 00:00:00,,5000,200,3,590,0,65993192,1,56.18327707052231
337,NW00000000000BISMARKSTRASSNV01035,2017-09-18 00:00:00,,5000,200,3,590,0,52823763,1,56.50558892885844
338,NW00000000000BISMARKSTRASSNV01035,2017-09-18 00:00:00,,5000,200,3,590,0,86570216,1,56.20985756317774
339,NW00000000000BISMARKSTRASSNV01035,2017-09-18 00:00:00,,5000,200,5,590,0,91072496,1,59.20550804932912
340,NW00000000000BISMARKSTRASSNV01035,2017-09-18 00:00:00,,5000,200,5,590,0,75502605,1,62.53956717650096
341,NW00000000000BISMARKSTRASSNV01035,2017-09-18 00:00:00,,5000,200,5,590,0,30991089,1,60.64115201234817
342,NW00000000000BISMARKSTRASSNV01035,2017-09-18 00:00:00,,10000,100,1,590,0,93210832,1,92.5170759677887
343,NW00000000000BISMARKSTRASSNV01035,2017-09-18 00:00:00,,10000,100,1,590,0,69628986,1,93.13690237204234
344,NW00000000000BISMARKSTRASSNV01035,2017-09-18 00:00:00,,10000,100,1,590,0,21770688,1,94.89816471735637
345,NW00000000000BISMARKSTRASSNV01035,2017-09-18 00:00:00,,10000,100,3,590,0,34985383,1,103.8358398159345
346,NW00000000000BISMARKSTRASSNV01035,2017-09-18 00:00:00,,10000,100,3,590,0,70018223,1,101.92779802481333
347,NW000000000000000000000NBSNST0928,2017-09-17 00:00:00,,20000,200,1,590,0.1688871136080463,40225439,3,918.0024166504542
348,NW00000000000BISMARKSTRASSNV01035,2017-09-18 00:00:00,,10000,100,3,590,0,63221458,1,106.15927626689275
349,NW00000000000BISMARKSTRASSNV01035,2017-09-18 00:00:00,,10000,100,5,590,0,9808314,1,110.72061278025309
350,NW000000000000000000000NBSNST0928,2017-09-17 00:00:00,,20000,200,1,590,0.18244177153272767,13625205,3,943.0822918772698
351,NW00000000000BISMARKSTRASSNV01035,2017-09-18 00:00:00,,10000,100,5,590,0,16314677,1,108.52492252588272
352,NW00000000000BISMARKSTRASSNV01035,2017-09-18 00:00:00,,10000,100,5,590,0,36752824,1,106.5459314584732
353,NW000000000000000000000NBSNST0928,2017-09-17 00:00:00,,20000,200,1,590,0.17393833808147488,39879742,3,991.7016841093699
354,NW00000000000BISMARKSTRASSNV01035,2017-09-18 00:00:00,,10000,150,1,590,0,35840225,1,146.49622206290562
355,NW00000000000BISMARKSTRASSNV01035,2017-09-18 00:00:00,,10000,150,1,590,0,29277965,1,143.39394270181657
356,NW00000000000BISMARKSTRASSNV01035,2017-09-18 00:00:00,,10000,150,1,590,0,4679679,1,132.57791583538057
357,NW000000000000000000000NBSNST0928,2017-09-17 00:00:00,,20000,200,3,550,0.11228918362644584,6969461,3,900.2142542441686
358,NW00000000000BISMARKSTRASSNV01035,2017-09-18 00:00:00,,10000,150,3,590,0,32638153,1,159.46867030858994
359,NW00000000000BISMARKSTRASSNV01035,2017-09-18 00:00:00,,10000,150,3,590,0,83293135,1,153.50021146138508
360,NW000000000000000000000NBSNST0928,2017-09-17 00:00:00,,20000,200,3,420,0.09422854056570576,50304625,3,1053.4063453872998
361,NW00000000000BISMARKSTRASSNV01035,2017-09-18 00:00:00,,10000,150,3,590,0,60156936,1,155.6291346391042
362,NW00000000000BISMARKSTRASSNV01035,2017-09-18 00:00:00,,10000,150,5,590,0,10966002,1,154.04516187906265
363,NW000000000000000000000NBSNST0928,2017-09-17 00:00:00,,20000,200,3,520,0.10517445824280088,15493148,3,1042.013254125913
364,NW00000000000BISMARKSTRASSNV01035,2017-09-18 00:00:00,,10000,150,5,590,0,21427385,1,159.60767702261606
365,NW00000000000BISMARKSTRASSNV01035,2017-09-18 00:00:00,,10000,150,5,590,0,88392081,1,163.90052891174952
366,NW00000000000BISMARKSTRASSNV01035,2017-09-18 00:00:00,,10000,200,1,590,0,59257963,1,193.63912037213643
367,NW00000000000BISMARKSTRASSNV01035,2017-09-18 00:00:00,,10000,200,1,590,0,52084088,1,192.61604700485864
368,NW00000000000BISMARKSTRASSNV01035,2017-09-18 00:00:00,,10000,200,1,590,0,67796600,1,189.33508290052413
369,NW000000000000000000000NBSNST0928,2017-09-17 00:00:00,,20000,200,5,400,0.07949682523805549,6143651,3,1048.6866096218428
370,NW00000000000BISMARKSTRASSNV01035,2017-09-18 00:00:00,,10000,200,3,590,0,41814915,1,220.0714527805646
371,NW00000000000BISMARKSTRASSNV01035,2017-09-18 00:00:00,,10000,200,3,590,0,75350804,1,222.12141158183417
372,NW00000000000BISMARKSTRASSNV01035,2017-09-18 00:00:00,,10000,200,3,590,0,70495790,1,226.50733991861344
373,NW00000000000BISMARKSTRASSNV01035,2017-09-18 00:00:00,,10000,200,5,590,0,42502303,1,228.03301850557327
374,NW00000000000BISMARKSTRASSNV01035,2017-09-18 00:00:00,,10000,200,5,590,0,83485752,1,227.91671377023061
375,NW00000000000BISMARKSTRASSNV01035,2017-09-18 00:00:00,,10000,200,5,590,0,52715279,1,236.9995325724284
376,NW00000000000BISMARKSTRASSNV01035,2017-09-18 00:00:00,,15000,100,1,590,0,68799489,1,248.5412878950437
377,NW00000000000BISMARKSTRASSNV01035,2017-09-18 00:00:00,,15000,100,1,590,0,8309933,1,262.15735537608464
378,NW00000000000BISMARKSTRASSNV01035,2017-09-18 00:00:00,,15000,100,1,590,0,88515609,1,256.00921960274377
379,NW000000000000000000000NBSNST0928,2017-09-17 00:00:00,,20000,200,5,340,0.07053635151056588,32384767,3,925.1079329212506
380,NW00000000000BISMARKSTRASSNV01035,2017-09-18 00:00:00,,15000,100,3,590,0,29953682,1,275.19849112828575
381,NW00000000000BISMARKSTRASSNV01035,2017-09-18 00:00:00,,15000,100,3,590,0,35711860,1,254.06417810519537
382,NW000000000000000000000NBSNST0928,2017-09-17 00:00:00,,20000,200,5,420,0.08161951339258862,9493510,3,1067.3740459442138
383,NW00000000000BISMARKSTRASSNV01035,2017-09-18 00:00:00,,15000,100,3,590,0,78409932,1,275.5534388144811
384,NW00000000000BISMARKSTRASSNV01035,2017-09-18 00:00:00,,15000,100,5,590,0,51658470,1,286.3247252146403
385,NW00000000000BISMARKSTRASSNV01035,2017-09-18 00:00:00,,15000,100,5,590,0,36381917,1,283.2426122585932
386,NW00000000000BISMARKSTRASSNV01035,2017-09-18 00:00:00,,15000,100,5,590,0,26546726,1,267.14401537179947
387,NW00000000000BISMARKSTRASSNV01035,2017-09-18 00:00:00,,15000,150,1,590,0,7481715,1,389.93900665839516
388,NW00000000000BISMARKSTRASSNV01035,2017-09-18 00:00:00,,15000,150,1,590,0,69366180,1,396.293250032266
389,NW00000000000BISMARKSTRASSNV01035,2017-09-18 00:00:00,,15000,150,1,590,0,33160673,1,396.0092403292656
390,NW00000000000BISMARKSTRASSNV01035,2017-09-18 00:00:00,,15000,150,3,590,0,33005436,1,413.9590671658516
391,NW00000000000BISMARKSTRASSNV01035,2017-09-18 00:00:00,,15000,150,5,590,0,48109219,1,378.88947187662126
392,NW00000000000BISMARKSTRASSNV01035,2017-09-18 00:00:00,,15000,150,3,590,0,78933011,1,413.3104417403539
393,NW00000000000BISMARKSTRASSNV01035,2017-09-18 00:00:00,,15000,150,3,590,0,45205915,1,406.78487568298976
394,NW00000000000BISMARKSTRASSNV01035,2017-09-18 00:00:00,,15000,150,5,590,0,28709708,1,420.1834211508433
395,NW00000000000BISMARKSTRASSNV01035,2017-09-18 00:00:00,,15000,150,5,590,0,67419532,1,420.1108911395073
396,NW00000000000BISMARKSTRASSNV01035,2017-09-18 00:00:00,,15000,200,1,590,0,93813735,1,464.3678430954615
397,NW00000000000BISMARKSTRASSNV01035,2017-09-18 00:00:00,,15000,200,1,590,0,21928121,1,487.85533622900647
398,NW00000000000BISMARKSTRASSNV01035,2017-09-18 00:00:00,,15000,200,1,590,0,1742348,1,475.63972562154134
399,NW00000000000BISMARKSTRASSNV01035,2017-09-18 00:00:00,,15000,200,3,590,0,88307249,1,492.18341277837754
400,NW00000000000BISMARKSTRASSNV01035,2017-09-18 00:00:00,,15000,200,5,590,0,76986936,1,490.9643487652143
401,NW00000000000BISMARKSTRASSNV01035,2017-09-18 00:00:00,,15000,200,3,590,0,54230759,1,544.1082041422526
402,NW00000000000BISMARKSTRASSNV01035,2017-09-18 00:00:00,,15000,200,3,590,0,1692425,1,543.3137762665749
403,NW00000000000BISMARKSTRASSNV01035,2017-09-18 00:00:00,,20000,100,1,590,0,63433774,1,409.8285032908122
404,NW00000000000BISMARKSTRASSNV01035,2017-09-18 00:00:00,,20000,100,1,590,0,51063251,1,494.7392354488373
405,NW00000000000BISMARKSTRASSNV01035,2017-09-18 00:00:00,,20000,100,1,590,0,80646836,1,480.01328549385073
406,NW00000000000BISMARKSTRASSNV01035,2017-09-18 00:00:00,,15000,200,5,590,0,82464124,1,552.9707458734513
407,NW00000000000BISMARKSTRASSNV01035,2017-09-18 00:00:00,,15000,200,5,590,0,97744932,1,548.044429775079
408,NW00000000000BISMARKSTRASSNV01035,2017-09-18 00:00:00,,20000,100,3,590,0,24083695,1,506.16003915071485
409,NW00000000000BISMARKSTRASSNV01035,2017-09-18 00:00:00,,20000,100,3,590,0,34061340,1,515.0264258464177
410,NW00000000000BISMARKSTRASSNV01035,2017-09-18 00:00:00,,20000,100,3,590,0,2687788,1,501.95809898376467
411,NW00000000000BISMARKSTRASSNV01035,2017-09-18 00:00:00,,20000,100,5,590,0,27656400,1,516.014940961202
412,NW00000000000BISMARKSTRASSNV01035,2017-09-18 00:00:00,,20000,100,5,590,0,99328838,1,474.22947537501653
413,NW00000000000BISMARKSTRASSNV01035,2017-09-18 00:00:00,,20000,100,5,590,0,77845029,1,521.1910956303278
414,NW00000000000BISMARKSTRASSNV01035,2017-09-18 00:00:00,,20000,150,1,590,0,89693960,1,620.670987256368
415,NW00000000000BISMARKSTRASSNV01035,2017-09-18 00:00:00,,20000,150,1,590,0,49928032,1,640.9934841950734
416,NW00000000000BISMARKSTRASSNV01035,2017-09-18 00:00:00,,20000,150,1,590,0,51403865,1,741.1781694889069
417,NW00000000000000BISMARKSTRNV00993,2017-07-22 00:00:00,,5000,100,1,590,0,4184410,2,15.689383959770202
418,NW00000000000000BISMARKSTRNV00993,2017-07-22 00:00:00,,5000,100,1,590,0,80567301,2,14.842965956528982
419,NW00000000000000BISMARKSTRNV00993,2017-07-22 00:00:00,,5000,100,1,590,0,97107893,2,14.75649307568868
420,NW00000000000000BISMARKSTRNV00993,2017-07-22 00:00:00,,5000,100,3,590,0,38759768,2,30.375951782862344
421,NW00000000000BISMARKSTRASSNV01035,2017-09-18 00:00:00,,20000,150,3,590,0,78487840,1,664.0185927112897
422,NW00000000000BISMARKSTRASSNV01035,2017-09-18 00:00:00,,20000,150,3,590,0,56820515,1,754.7722086548805
423,NW00000000000BISMARKSTRASSNV01035,2017-09-18 00:00:00,,20000,150,3,590,0,21568812,1,768.8126387397448
424,NW00000000000000BISMARKSTRNV00993,2017-07-22 00:00:00,,5000,100,3,590,0,9852431,2,30.54558562040329
425,NW00000000000000BISMARKSTRNV00993,2017-07-22 00:00:00,,5000,100,3,590,0,87256745,2,30.887256518999735
426,NW00000000000000BISMARKSTRNV00993,2017-07-22 00:00:00,,5000,100,5,590,0,63822041,2,31.78707443078359
427,NW00000000000000BISMARKSTRNV00993,2017-07-22 00:00:00,,5000,100,5,590,0,80237101,2,30.55489672422409
428,NW00000000000000BISMARKSTRNV00993,2017-07-22 00:00:00,,5000,150,1,590,0,80485490,2,23.36489687760671
429,NW00000000000000BISMARKSTRNV00993,2017-07-22 00:00:00,,5000,100,5,590,0,59649631,2,30.231395387649535
430,NW00000000000000BISMARKSTRNV00993,2017-07-22 00:00:00,,5000,150,1,590,0,57987109,2,21.670149004459383
431,NW00000000000000BISMARKSTRNV00993,2017-07-22 00:00:00,,5000,150,1,590,0,54809099,2,23.24847685098648
432,NW00000000000000BISMARKSTRNV00993,2017-07-22 00:00:00,,5000,150,3,590,0,37177765,2,48.65387730995814
433,NW00000000000000BISMARKSTRNV00993,2017-07-22 00:00:00,,5000,150,3,590,0,89498667,2,47.557796295483904
434,NW00000000000000BISMARKSTRNV00993,2017-07-22 00:00:00,,5000,150,3,590,0,8614765,2,45.74189920822779
435,NW00000000000000BISMARKSTRNV00993,2017-07-22 00:00:00,,5000,150,5,590,0,68902420,2,46.21975243886312
436,NW00000000000000BISMARKSTRNV00993,2017-07-22 00:00:00,,5000,200,1,590,0,63824909,2,30.153527760505675
437,NW00000000000000BISMARKSTRNV00993,2017-07-22 00:00:00,,5000,200,1,590,0,31366536,2,29.006061855951945
438,NW00000000000BISMARKSTRASSNV01035,2017-09-18 00:00:00,,20000,150,5,590,0,13175306,1,720.4164910634358
439,NW00000000000000BISMARKSTRNV00993,2017-07-22 00:00:00,,5000,150,5,590,0,61109548,2,46.39035841623942
440,NW00000000000000BISMARKSTRNV00993,2017-07-22 00:00:00,,5000,150,5,590,0,6242463,2,47.010838123162586
441,NW00000000000000BISMARKSTRNV00993,2017-07-22 00:00:00,,5000,200,1,590,0,18809540,2,29.720840617020926
442,NW00000000000BISMARKSTRASSNV01035,2017-09-18 00:00:00,,20000,150,5,590,0,69263471,1,783.5884836435318
443,NW00000000000BISMARKSTRASSNV01035,2017-09-18 00:00:00,,20000,150,5,590,0,3579287,1,778.5550369739533
444,NW00000000000000BISMARKSTRNV00993,2017-07-22 00:00:00,,5000,200,3,590,0,80028770,2,61.4076494773229
445,NW00000000000000BISMARKSTRNV00993,2017-07-22 00:00:00,,5000,200,3,590,0,19893395,2,61.415736142794294
446,NW00000000000000BISMARKSTRNV00993,2017-07-22 00:00:00,,5000,200,3,590,0,74776808,2,64.08833657503128
447,NW00000000000000BISMARKSTRNV00993,2017-07-22 00:00:00,,5000,200,5,590,0,34674455,2,65.25137141942977
448,NW00000000000000BISMARKSTRNV00993,2017-07-22 00:00:00,,10000,100,1,590,0,35574553,2,50.861373416582744
449,NW00000000000000BISMARKSTRNV00993,2017-07-22 00:00:00,,5000,200,5,590,0,44868668,2,62.2297865152359
450,NW00000000000000BISMARKSTRNV00993,2017-07-22 00:00:00,,5000,200,5,590,0,10679109,2,62.53917124668757
451,NW00000000000000BISMARKSTRNV00993,2017-07-22 00:00:00,,10000,100,1,590,0,18232563,2,50.9248848994573
452,NW00000000000000BISMARKSTRNV00993,2017-07-22 00:00:00,,10000,100,1,590,0,13416586,2,51.02453917662303
453,NW00000000000000BISMARKSTRNV00993,2017-07-22 00:00:00,,10000,100,3,590,0,43221515,2,104.70704590479532
454,NW00000000000000BISMARKSTRNV00993,2017-07-22 00:00:00,,10000,100,3,590,0,23681217,2,105.09774321715037
455,NW00000000000000BISMARKSTRNV00993,2017-07-22 00:00:00,,10000,150,1,590,0,25139876,2,77.20320272048315
456,NW00000000000000BISMARKSTRNV00993,2017-07-22 00:00:00,,10000,100,3,590,0,28567033,2,107.0688929716746
457,NW00000000000000BISMARKSTRNV00993,2017-07-22 00:00:00,,10000,100,5,590,0,42629662,2,106.65821633736293
458,NW00000000000000BISMARKSTRNV00993,2017-07-22 00:00:00,,10000,100,5,590,0,84789722,2,107.88256140947342
459,NW00000000000000BISMARKSTRNV00993,2017-07-22 00:00:00,,10000,100,5,590,0,47448012,2,108.7785072684288
460,NW00000000000000BISMARKSTRNV00993,2017-07-22 00:00:00,,10000,150,1,590,0,44896522,2,76.72652545372645
461,NW00000000000000BISMARKSTRNV00993,2017-07-22 00:00:00,,10000,150,1,590,0,55936753,2,75.54503419796626
462,NW00000000000BISMARKSTRASSNV01035,2017-09-18 00:00:00,,20000,200,1,590,0,69011157,1,985.9653812726339
463,NW00000000000BISMARKSTRASSNV01035,2017-09-18 00:00:00,,20000,200,1,590,0,5407446,1,975.6692078709602
464,NW00000000000BISMARKSTRASSNV01035,2017-09-18 00:00:00,,20000,200,3,590,0,21931804,1,927.8430923104286
465,NW00000000000BISMARKSTRASSNV01035,2017-09-18 00:00:00,,20000,200,1,590,0,89137575,1,992.8920740604401
466,NW00000000000000BISMARKSTRNV00993,2017-07-22 00:00:00,,10000,150,3,590,0,34452898,2,158.55659990708034
467,NW00000000000000BISMARKSTRNV00993,2017-07-22 00:00:00,,10000,150,3,590,0,15939564,2,159.24167147874832
468,NW00000000000000BISMARKSTRNV00993,2017-07-22 00:00:00,,10000,150,3,590,0,8516988,2,165.97129304011662
469,NW00000000000000BISMARKSTRNV00993,2017-07-22 00:00:00,,10000,200,1,590,0,91708854,2,104.07064930200576
470,NW00000000000000BISMARKSTRNV00993,2017-07-22 00:00:00,,10000,150,5,590,0,48301967,2,167.38176805178324
471,NW00000000000BISMARKSTRASSNV01035,2017-09-18 00:00:00,,20000,200,3,590,0,78396518,1,1023.2110808293024
472,NW00000000000BISMARKSTRASSNV01035,2017-09-18 00:00:00,,20000,200,5,590,0,97137546,1,929.2212581793467
473,NW00000000000000BISMARKSTRNV00993,2017-07-22 00:00:00,,10000,200,1,590,0,9628568,2,102.49598419268926
474,NW00000000000000BISMARKSTRNV00993,2017-07-22 00:00:00,,10000,200,1,590,0,48368519,2,104.76599863767623
475,NW00000000000000BISMARKSTRNV00993,2017-07-22 00:00:00,,10000,150,5,590,0,79834649,2,159.45553871790568
476,NW00000000000000BISMARKSTRNV00993,2017-07-22 00:00:00,,10000,150,5,590,0,39977809,2,160.61401106913885
